168 0
0 79.45
1 90.13
2 102.03
3 112.56
4 123.12
5 131.54
6 141.8
7 145.36
8 150.61
9 140.14
10 138.29
11 137.61
12 140.11
13 141.2
14 141.01
15 141.31
16 144.11
17 147.3
18 149.39
19 151.99
20 153.28
21 145.94
22 139.64
23 134.22
24 127.44
25 124.15
26 121.57
27 117.47
28 110.32
29 105.55
30 99.84
31 94.75
32 89.46
33 85.93
34 83.81
35 79.71
36 79.9
37 78.7
38 75.74
39 74.33
40 73.95
41 74.34
42 74.59
43 73.33
44 71.67
45 72.89
46 72.4
47 72.12
48 69.0
49 66.37
50 64.03
51 63.05
52 60.58
53 56.87
54 53.49
55 52.1
56 50.44
57 47.37
58 46.46
59 46.25
60 45.74
61 44.82
62 43.94
63 43.07
64 44.22
65 46.56
66 48.59
67 48.55
68 49.79
69 49.96
70 49.65
71 49.21
72 49.38
73 48.69
74 47.84
75 47.21
76 45.68
77 42.46
78 40.8
79 39.42
80 37.57
81 37.48
82 36.69
83 36.32
84 34.91
85 35.38
86 36.87
87 37.54
88 37.31
89 36.84
90 35.61
91 35.99
92 37.13
93 36.05
94 35.76
95 35.73
96 35.58
97 33.97
98 33.88
99 32.12
100 31.56
101 31.1
102 30.16
103 28.67
104 26.44
105 25.67
106 24.34
107 22.43
108 22.35
109 22.18
110 20.25
111 19.83
112 20.2
113 20.22
114 19.93
115 19.56
116 19.44
117 19.3
118 19.88
119 20.14
120 19.86
121 19.66
122 19.07
123 18.98
124 17.21
125 16.25
126 16.0
127 15.31
128 14.61
129 14.11
130 13.03
131 12.24
132 12.25
133 11.92
134 11.98
135 11.96
136 12.26
137 12.69
138 12.89
139 13.36
140 13.8
141 13.9
142 14.19
143 14.25
144 13.54
145 13.39
146 13.54
147 12.94
148 12.74
149 12.22
150 11.76
151 12.24
152 12.06
153 11.87
154 11.38
155 11.08
156 11.04
157 10.74
158 10.27
159 10.37
160 10.12
161 10.49
162 10.53
163 8.92
164 7.95
165 7.21
166 6.47
167 5.77
